4957287
4970030
4990142
4965574
4988471
4943653
4953687
4969576
4973295
4973613
4973917
4974651
4981885
4949755
4954533
4954534
4957163
4959878
4961600
4992983
4958927
4979490
4975608
4966810
4985313
4972461
4952166
4958662
4959797
4994524
4945501
4947288
4947611
4947844
4952860
4960497
4966437
4972185
4976246
4982867
4988748
4989733
4993160
4947248
4944638
4948516
4948526
4948796
4963033
4949212
4971315
4980002
4979723
4971140
4969773
4974171
4977818
4992289
4961003
4968488
4966436
4986606
4981755
4954240
4987549
4996045
4948621
4962435
4969343
4961860
4956136
4995556
4964369
4973158
4969441
4961210
4978029
4989004
4987982
4995750
4973077
4989157
4977932
4986179
4977202
4989380
4996344
4981870
4989745
4989462
4985151
4967781
4946952
4947638
4959209
4960718
4947134
4992162
4981008
4991296
4944548
4966297
4978904
4979793
4980283
4981136
4982007
4984198
4980804
4996053
4954200
4960126
4968225
4973827
4973968
4974840
4980907
4981579
4986338
4994446
4963571
4964143
4964867
4971004
4992810
4979016
4975698
4990468
4982122
4948941
4956866
4961634
4964553
4984168
4961561
4951621
4953431
4955133
4957480
4957651
4959458
4960134
4960557
4960944
4961015
4964182
4964742
4965944
4966498
4967973
4968018
4968587
4969212
4973944
4974881
4975407
4975981
4979240
4982123
4986363
4987529
4990780
4995440
4939713
4963351
4963670
4965805
4967829
4969548
4971160
4971848
4973041
4976575
4988193
4995002
4950654
4953758
4962049
4991551
4987015
4942506
4972334
4944582
4948535
4975384
4993775
4988412
4983811
4946216
4952499
4988093
4965185
4951420
4960375
4961119
4944978
4960558
4962053
4963187
4963934
4970338
4971644
4974273
4975581
4982084
4985834
4991457
4971173
4985603
4981101
4971110
4981535
4981652
4963368
4977931
4985234
4985991
4981352
4993863
4972076
4949569
4949236
4949592
4974257
4964002
4972572
4973550
4976932
4992085
4995751
4971588
4975264
4984247
4993246
4996074
4961621
4980497
4985907
4944292
4952513
4952805
4957530
4978375
4993637
4949648
4950596
4955472
4957887
4965086
4969993
4970417
4971019
4973896
4974380
4975184
4979242
4982946
4983443
4990145
4991641
4949239
4951379
4952806
4958970
4959970
4965390
4965791
4968696
4968914
4969551
4970885
4971436
4972821
4973663
4973745
4975760
4978366
4980282
4981768
4982958
4983311
4983699
4987363
4989280
4990001
4991043
4991446
4991528
4991851
4992472
4994144
4994394
4994766
4994938
4995277
4956413
4965780
4988434
4962897
4950705
4953036
4958444
4969453
4946742
4980589
4995875
4985276
4982045
4982086
4987463
4989496
4989734
4982872
4982909
4985910
4955727
4974811
4964152
4969455
4985040
4985447
4961216
4990543